3035471078
3033303785
3021753999
3028351914
3020639871
3038217813
3021798966
3036056958
3092555231
3090663124
3092483726
3088802204
3103717606
3089797127
3089874198
3101536137
3122923758
3130836508
3126516968
3121798792
3133340889
3122503497
3121468893
3130134569
3103821354
3102250524
3097694971
3091142899
3103961786
3103293928
3101465181
3103277006
3189726893
3171388624
3146745769
3171666675
3166995689
3186490625
3183301250
3169330636
3137334773
3131169991
3116255943
3121596979
3127078249
3133466653
3125661155
3121507619
3123793730
3115876023
3119805048
3110585721
3107788578
3116055978
3107979120
3117120875
3192018121
3183203010
3178317785
3192541730
3179305847
3180119559
3180729384
3181821438
3288472479
3263160568
3274983690
3272738309
3265985278
3254922483
3272398231
3266053826
3125025529
3094599072
3098702157
3119843391
3103290971
3094699595
3099602558
3091944162
