3639044575
3599989181
3706705331
3722951295
3554949349
3616593421
3708892797
3728812803
3959430021
3965860699
3788392314
3953306099
3907217957
4022626396
3952961533
3906752743
3901803514
4016931686
3847393888
3925013932
3927279915
3982073377
3999400248
4034890167
3640554565
3880476794
3796324816
3829222892
3867438596
3901745675
3806164161
3864777763
3658156803
3803272404
3654492725
3872655971
3865130765
3831365958
3855024516
4024401894
3932462122
3929983198
3665462688
3992599587
4003399729
3988823488
3976213265
3987432467
3928636461
3613730130
3742959271
3762204689
3703129462
3713816915
3674433686
3673653857
4312920616
4251716095
4321788274
4312856942
4324179982
4280899647
4052883237
4072202201
4222912340
4145261747
4315766696
4305531778
4288633792
4253249769
4296694769
4365358200
3953300174
3900579252
3565848652
3825740786
3696577980
3882240752
3900546403
3902945312
