3174977283
3171701696
3178128134
3168580123
3165755616
3180069916
3170846514
3170708817
3207335260
3207428014
3204521476
3212882390
3182682451
3215558840
3202281770
3201505369
3129567243
3131689558
3131007151
3130026289
3131283372
3118329594
3131373133
3140048662
3115581003
3126476352
3110473716
3114341015
3125796476
3118283303
3114188946
3131878779
3092734888
3087053493
3084441951
3090310954
3088664504
3082334255
3094876868
3077668090
3245542675
3257356302
3241571725
3240801655
3247829115
3240024269
3247350516
3250923027
3337545283
3371122603
3360308273
3352127924
3353299294
3343814497
3353770375
3352182668
2972284361
3032956412
3031544903
3024986057
3022089964
3019192416
3029196647
3030678873
3070141280
3084881078
3087773619
3080041957
3084190756
3081537797
3092732350
3077888976
3370675109
3374719404
3374085246
3382447241
3389245079
3377043346
3364920766
3376068502
