3168586708
3177690036
3190124048
3172065091
3147448544
3150964179
3189788222
3186095170
3080432041
3085549286
3059301938
3067629018
3087126736
3086939893
3086436596
3081054257
3118464636
3113589565
3106743998
3107228121
3100099725
3121457104
3124631394
3106126775
3093439580
3090364441
3109282353
3101727212
3108648642
3096148498
3107588970
3108116752
3145049263
3149185405
3151075786
3141029195
3155688103
3153693873
3166313763
3143862403
3046119416
3074574207
3041163448
3064434114
3080864178
3066560684
3060037614
3058733865
3065254344
3066386085
3060494305
3033437852
3069757127
3055068514
3061628485
3057224924
3118717725
3132192113
3108282370
3128227193
3118340820
3128170561
3126128065
3123011901
3103428086
3079063618
3070777276
3087971112
3095388762
3090395957
3090779722
3074140444
3130838509
3169339616
3152069215
3155589046
3155669831
3140343822
3158538871
3161888449
