3499552150
3350131151
3990449721
3680192806
3495713471
3647726928
3936971609
3996660198
4086707708
4113461719
3964762140
3902855431
3982018786
4018777144
4111579722
3984671073
3420213780
3902217151
3923327002
3875976107
3779716283
3629582903
3913947669
3856443586
2957349979
3898564745
3953532210
3787298826
3545577608
3675989924
3780397788
3928811234
3995041419
4005836611
3773655097
3992844242
3982045792
4037504325
3979019693
4055924802
3927454541
3922825318
3800512685
3531851177
3693019575
3822974614
3847786829
3445962966
3942736856
4104227687
4025193445
3786025315
3823600181
4063698999
4071075602
4098259398
3972254882
3984019833
4035454006
3949771907
3813744982
3644806818
3968733944
3960263271
3958589601
3938166078
3593446510
3895924128
3953959665
3985153115
3831916251
3835358948
3331829774
3974601061
4020732358
3639755713
3680332463
3880683543
3913074441
3966116631
