3125688135
3118343492
3097923004
3118145251
3131961521
3128759716
3131177453
3083465518
2989089652
2939816706
2961670968
2978162862
2970809508
2990228832
2948917102
2975639176
3113849025
3087955498
3105323066
3090224306
3100763209
3097559152
3104384528
3099854880
3215727578
3193063252
3188636441
3181401211
3184127614
3194951093
3212631910
3186253473
3290775731
3312256351
3305926262
3272930190
3307951541
3306721637
3320987219
3302060716
3015942326
2996009168
3000819103
2975304294
3007822377
3010234617
2999930895
3009007003
3070908157
3043460336
3048941258
3058989883
3066113038
3057868232
3026385291
3034516504
3110531870
3122784092
3109865173
3129372576
3131616384
3118878092
3119940106
3112229057
3031800244
3034970806
2999099722
3035084555
3039205371
3036833695
3041417665
3007742367
3066943802
3061848689
3050102168
3045591690
3059994131
3058351715
3055195147
3044713565
